model_name,mse_train,mse_val,val_perc_error,overall_test_perc_error,test_perc_error_<15,test_perc_error_15-40,test_perc_error_>40,test_perc_error_Q1,test_perc_error_Q2,test_perc_error_Q3,test_perc_error_Q4
peds_ens_fourier_uq1,2.752753,5.791463,4.7928,5.2215,10.2991,5.2065,4.9046,4.7237,3.9083,6.2408,6.0134
peds_ens_fourier_uq1,2.949428,5.815573,4.8647,5.2215,10.2991,5.2065,4.9046,4.7237,3.9083,6.2408,6.0134
peds_ens_fourier_uq1,2.411836,12.739736,4.9352,5.2833,6.0941,5.0898,6.8160,3.7052,4.1137,6.8415,6.4728
peds_ens_fourier_uq1,6.627033,15.116239,6.1984,6.1212,13.0058,5.8623,7.3652,6.1897,4.7162,6.5401,7.0389
peds_ens_fourier_uq1,3.971663,18.683298,5.5880,6.4615,9.9768,6.3650,6.8160,5.9318,5.8583,6.6353,7.4208
peds_ens_fourier_uq1,27.401156,19.938710,6.6001,9.6092,8.0311,9.3847,11.6607,7.3093,8.7358,11.2247,11.1671
peds_ens_fourier_uq1,1.608516,8.559441,3.9605,4.5290,4.4382,4.5111,4.6816,3.3572,3.5379,6.1009,5.1200
mlp_ens,0.523251,9.153801,5.8404,40.6997,10.8974,24.4458,32.8647,8.9340,7.4900,10.5873,40.6469
mlp_ens,0.416033,9.413593,5.7966,40.9505,8.9388,23.3986,31.3227,9.4457,7.2335,10.4495,42.5172
